BBMC2, ../200_3.txt, 3600
7, 0, 165
0.829472, 0.371712, 
0.978976, 0.43648, 
82

BBMC2, ../200_4.txt, 3600
9, 0, 140
1.75824, 0.336928, 
1.91488, 0.414912, 
73

BBMC2, ../200_5.txt, 3600
11, 0, 142
10.0956, 1.5073, 
10.2113, 1.58602, 
74

BBMC2, ../200_6.txt, 3600
14, 0, 144
39.2386, 3.63517, 
39.3421, 3.71466, 
73

BBMC2, ../200_7.txt, 3600
18, 0, 505
422.815, 322.187, 
422.936, 322.276, 
74

BBMC2, ../200_8.txt, 3600
24, 0, 7267
7189.51, 472.033, 
7189.62, 472.131, 
73

BBMC2, ../200_9.txt, 3600
39, 0, 375420
375401, 33469.7, 
375401, 33469.8, 
73

BBMC2, ../300_5.txt, 3600
12, 0, 172
45.9889, 17.8575, 
46.1169, 17.9365, 
90

BBMC2, ../400_5.txt, 3600
13, 0, 321
200.705, 71.8469, 
200.818, 71.9604, 
112

BBMC2, ../500_5.txt, 3600
13, 0, 814
666.292, 257.984, 
666.621, 258.133, 
140

BBMC2, ../600_5.txt, 3600
14, 0, 2211
2028.68, 690.327, 
2028.9, 690.475, 
174

BBMC2, ../700_5.txt, 3600
14, 0, 4873
4648.93, 1731.12, 
4649.16, 1731.32, 
216

BBMC2, ../800_5.txt, 3600
15, 0, 8386
8113.68, 3229.29, 
8113.93, 3229.53, 
263

BBMC2, ../900_5.txt, 3600
14, 0, 29320
28989.6, 7159.41, 
28989.9, 7159.69, 
321

BBMC2, ../1000_5.txt, 3600
15, 0, 41169
40774.2, 9947.09, 
40774.5, 9947.4, 
386

BBMC2, ../java/DIMACS_cliques/brock200_1.clq, 3600
21, 0, 843
761.143, 66.9921, 
761.29, 67.0866, 
74

BBMC2, ../java/DIMACS_cliques/brock400_4.clq, 3600
33, 0, 30131
30011.6, 3812.58, 
30011.8, 3812.71, 
111

BBMC2, ../java/DIMACS_cliques/MANN_a27.clq, 3600
126, 0, 2627
2516.26, 1645.82, 
2516.37, 1645.94, 
105

BBMC2, ../java/DIMACS_cliques/p_hat1000-1.clq, 3600
10, 0, 464
83.2394, 15.5942, 
83.6998, 15.8577, 
372

BBMC2, ../java/DIMACS_cliques/p_hat300-3.clq, 3600
36, 0, 1015
918.043, 197.74, 
918.345, 197.822, 
89

BBMC2, ../java/DIMACS_cliques/p_hat500-2.clq, 3600
36, 0, 322
174.909, 12.373, 
175.23, 12.4789, 
139

BBMC2, ../java/DIMACS_cliques/p_hat500-3.clq, 3600
50, 0, 69166
69019.4, 6194.87, 
69019.5, 6194.95, 
139

BBMC2, ../java/DIMACS_cliques/p_hat700-2.clq, 3600
44, 0, 1821
1598.07, 22.1849, 
1598.23, 22.3448, 
214

BBMC2, ../java/DIMACS_cliques/san1000.clq, 3600
15, 0, 444
39.6964, 3.19488, 
40.103, 3.45424, 
375

BBMC2, ../java/DIMACS_cliques/san200_0.9_2.clq, 3600
60, 0, 147
12.8881, 7.91859, 
13.0001, 7.9841, 
73

BBMC2, ../java/DIMACS_cliques/san200_0.9_3.clq, 3600
44, 0, 177
95.7307, 35.0157, 
95.8175, 35.0862, 
74

BBMC2, ../java/DIMACS_cliques/san400_0.7_1.clq, 3600
40, 0, 179
29.9448, 0.855072, 
30.2171, 0.946432, 
112

BBMC2, ../java/DIMACS_cliques/san400_0.7_2.clq, 3600
30, 0, 180
50.6143, 0.816128, 
50.7771, 0.916384, 
112

BBMC2, ../java/DIMACS_cliques/san400_0.7_3.clq, 3600
22, 0, 258
138.119, 66.1197, 
138.273, 66.2324, 
111

BBMC2, ../java/DIMACS_cliques/sanr200_0.9.clq, 3600
42, 0, 60539
60457.8, 5608.3, 
60458.1, 5608.41, 
74

BBMC2, ../java/DIMACS_cliques/sanr400_0.5.clq, 3600
13, 0, 319
197.932, 93.5383, 
198.085, 93.6336, 
112

BBMC2, ../java/DIMACS_cliques/sanr400_0.7.clq, 3600
21, 0, 97028
96908.2, 78079.2, 
96908.3, 78079.4, 
112

BBMC2, ../java/DIMACS_cliques/san400_0.9_1.clq, 3600
100, 0, 177
57.6164, 1.46435, 
57.7741, 1.55648, 
110

BBMC2, ../java/DIMACS_cliques/p_hat1000-2.clq, 3600
46, 0, 70926
70539.7, 2589.99, 
70540, 2590.27, 
377

BBMC2, ../java/DIMACS_cliques/p_hat500-3.clq, 3600
50, 0, 69168
69019.1, 6312.71, 
69019.3, 6312.86, 
140

BBMC2, ../java/DIMACS_cliques/brock400_3.clq, 3600
31, 0, 65522
65403.5, 20369.8, 
65403.7, 20369.9, 
111

BBMC2, ../java/DIMACS_cliques/brock400_2.clq, 3600
29, 0, 119762
119643, 12482.8, 
119644, 12482.9, 
111

BBMC2, ../java/DIMACS_cliques/brock400_1.clq, 3600
27, 0, 310283
310165, 33463.7, 
310165, 33463.9, 
111

BBMC2, ../java/DIMACS_cliques/brock800_4.clq, 3600
26, 0, 742226
741961, 242904, 
741961, 242904, 
260

BBMC1, ../200_3.txt, 3600
7, 0, 140
0.596992, 0.239584, 
0.738944, 0.317632, 
73

BBMC1, ../200_4.txt, 3600
9, 0, 141
1.49504, 0.318464, 
1.70054, 0.39552, 
73

BBMC1, ../200_5.txt, 3600
11, 0, 142
8.60058, 1.89747, 
8.70192, 1.97603, 
73

BBMC1, ../200_6.txt, 3600
14, 0, 140
43.2691, 3.48778, 
43.7678, 3.55523, 
73

BBMC1, ../200_7.txt, 3600
18, 0, 479
397.317, 278.294, 
397.418, 278.392, 
73

BBMC1, ../200_8.txt, 3600
24, 0, 8879
8798.12, 559.821, 
8798.4, 559.915, 
73

BBMC1, ../200_9.txt, 3600
39, 0, 656193
656107, 67548.1, 
656107, 67548.2, 
77

BBMC1, ../300_5.txt, 3600
12, 0, 160
47.0057, 6.03136, 
47.1829, 6.1071, 
89

BBMC1, ../400_5.txt, 3600
13, 0, 326
207.727, 53.9044, 
207.882, 54.0166, 
110

BBMC1, ../500_5.txt, 3600
13, 0, 861
715.194, 199.761, 
715.386, 199.905, 
137

BBMC1, ../600_5.txt, 3600
14, 0, 1985
1806.53, 628.879, 
1806.75, 629.027, 
170

BBMC1, ../700_5.txt, 3600
14, 0, 5244
5026.65, 1518.47, 
5027.01, 1518.67, 
209

BBMC1, ../800_5.txt, 3600
15, 0, 8258
7995.54, 2547.49, 
7995.73, 2547.72, 
254

BBMC1, ../900_5.txt, 3600
14, 0, 30019
29697, 9633.27, 
29697.5, 9633.54, 
313

BBMC1, ../1000_5.txt, 3600
15, 0, 41247
40867.9, 12317.4, 
40868.2, 12317.7, 
370

BBMC1, ../java/DIMACS_cliques/brock200_1.clq, 3600
21, 0, 1098
1016.28, 94.9668, 
1016.38, 95.0497, 
73

BBMC1, ../java/DIMACS_cliques/brock400_4.clq, 3600
33, 0, 27913
27795, 1333.82, 
27795.1, 1333.94, 
110

BBMC1, ../java/DIMACS_cliques/MANN_a27.clq, 3600
126, 0, 2627
2515.72, 1637.61, 
2515.89, 1637.68, 
103

BBMC1, ../java/DIMACS_cliques/p_hat1000-1.clq, 3600
10, 0, 462
92.9167, 10.3895, 
93.1911, 10.674, 
360

BBMC1, ../java/DIMACS_cliques/p_hat300-3.clq, 3600
36, 0, 2130
2032.42, 390.029, 
2032.58, 390.14, 
89

BBMC1, ../java/DIMACS_cliques/p_hat500-2.clq, 3600
36, 0, 560
415.696, 5.08928, 
415.881, 5.21168, 
136

BBMC1, ../java/DIMACS_cliques/p_hat500-3.clq, 3600
50, 0, 141386
141242, 4638.65, 
141242, 4638.79, 
136

BBMC1, ../java/DIMACS_cliques/p_hat700-2.clq, 3600
44, 0, 4936
4719.56, 15.1839, 
4719.92, 15.3592, 
208

BBMC1, ../java/DIMACS_cliques/san1000.clq, 3600
15, 0, 435
42.026, 3.23277, 
42.332, 3.4929, 
365

BBMC1, ../java/DIMACS_cliques/san200_0.9_2.clq, 3600
60, 0, 143
37.2695, 3.16214, 
37.83, 3.24093, 
73

BBMC1, ../java/DIMACS_cliques/san200_0.9_3.clq, 3600
44, 0, 12111
12029.9, 4506.9, 
12030, 4507, 
73

BBMC1, ../java/DIMACS_cliques/san400_0.7_1.clq, 3600
40, 0, 218
60.2307, 40.7204, 
60.3542, 40.8115, 
112

BBMC1, ../java/DIMACS_cliques/san400_0.7_2.clq, 3600
30, 0, 592
473.379, 391.566, 
473.563, 391.691, 
110

BBMC1, ../java/DIMACS_cliques/san400_0.7_3.clq, 3600
22, 0, 924
804.054, 78.0575, 
804.221, 78.1656, 
112

BBMC1, ../java/DIMACS_cliques/sanr200_0.9.clq, 3600
42, 0, 113289
113208, 7835.4, 
113209, 7835.5, 
73

BBMC1, ../java/DIMACS_cliques/sanr400_0.5.clq, 3600
13, 0, 321
201.421, 62.8152, 
201.704, 62.9235, 
111

BBMC1, ../java/DIMACS_cliques/sanr400_0.7.clq, 3600
21, 0, 108622
108506, 60575.9, 
108506, 60576.1, 
111

BBMC1, ../java/DIMACS_cliques/san400_0.9_1.clq, 3600
100, 0, 6614
6495.42, 1169.89, 
6495.59, 1170.01, 
110

BBMC1, ../java/DIMACS_cliques/p_hat1000-2.clq, 3600
46, 0, 147640
147263, 12491.5, 
147263, 12491.7, 
368

BBMC1, ../java/DIMACS_cliques/p_hat500-3.clq, 3600
50, 0, 141366
141222, 4652.15, 
141222, 4652.3, 
136

BBMC1, ../java/DIMACS_cliques/brock400_3.clq, 3600
31, 0, 117966
117849, 58950.8, 
117849, 58950.9, 
109

BBMC1, ../java/DIMACS_cliques/brock400_2.clq, 3600
29, 0, 205337
205221, 13765.3, 
205221, 13765.4, 
109

BBMC1, ../java/DIMACS_cliques/brock400_1.clq, 3600
27, 0, 440995
440879, 57104.9, 
440879, 57105, 
110

BBMC1, ../java/DIMACS_cliques/brock800_4.clq, 3600
26, 0, 1411774
1.41152e+06, 909829, 
1.41152e+06, 909829, 
253

BBMC3, ../200_3.txt, 3600
7, 0, 150
0.596992, 0.240672, 
0.7408, 0.318464, 
81

BBMC3, ../200_4.txt, 3600
9, 0, 139
1.78586, 0.341984, 
1.9456, 0.40848, 
74

BBMC3, ../200_5.txt, 3600
11, 0, 141
8.10189, 2.8375, 
8.364, 2.90435, 
73

BBMC3, ../200_6.txt, 3600
14, 0, 145
32.5192, 6.41533, 
32.6495, 6.48381, 
74

BBMC3, ../200_7.txt, 3600
18, 0, 440
359.082, 154.936, 
359.365, 155.024, 
73

BBMC3, ../200_8.txt, 3600
24, 0, 9520
9439.09, 448.337, 
9439.19, 448.439, 
73

BBMC3, ../200_9.txt, 3600
39, 0, 418900
418821, 29260.1, 
418821, 29260.2, 
73

BBMC3, ../300_5.txt, 3600
12, 0, 170
45.0816, 13.5844, 
45.2513, 13.6778, 
89

BBMC3, ../400_5.txt, 3600
13, 0, 318
199.522, 71.0237, 
199.633, 71.1404, 
110

BBMC3, ../500_5.txt, 3600
13, 0, 875
729.515, 195.611, 
729.849, 195.748, 
137

BBMC3, ../600_5.txt, 3600
14, 0, 2001
1819.97, 645.54, 
1820.19, 645.691, 
172

BBMC3, ../700_5.txt, 3600
14, 0, 4962
4743.63, 1163.9, 
4743.86, 1164.1, 
209

BBMC3, ../800_5.txt, 3600
15, 0, 9199
8936.3, 3850.83, 
8936.56, 3851.07, 
253

BBMC3, ../900_5.txt, 3600
14, 0, 31084
30763.7, 7593.06, 
30763.9, 7593.34, 
312

BBMC3, ../1000_5.txt, 3600
15, 0, 40717
40339.7, 17518.4, 
40340, 17518.7, 
368

BBMC3, ../java/DIMACS_cliques/brock200_1.clq, 3600
21, 0, 1040
951.886, 126.715, 
952.041, 126.801, 
78

BBMC3, ../java/DIMACS_cliques/brock400_4.clq, 3600
33, 0, 47762
47639.7, 21263.2, 
47639.9, 21263.3, 
112

BBMC3, ../java/DIMACS_cliques/MANN_a27.clq, 3600
126, 0, 2640
2528.3, 1189.64, 
2528.47, 1189.76, 
103

BBMC3, ../java/DIMACS_cliques/p_hat1000-1.clq, 3600
10, 0, 456
85.8418, 8.63437, 
86.2902, 8.9145, 
361

BBMC3, ../java/DIMACS_cliques/p_hat300-3.clq, 3600
36, 0, 2373
2276.33, 379.923, 
2276.49, 380.036, 
89

BBMC3, ../java/DIMACS_cliques/p_hat500-2.clq, 3600
36, 0, 715
570.201, 9.75155, 
570.376, 9.85869, 
137

BBMC3, ../java/DIMACS_cliques/p_hat500-3.clq, 3600
50, 0, 153533
153387, 5940.06, 
153388, 5940.19, 
137

BBMC3, ../java/DIMACS_cliques/p_hat700-2.clq, 3600
44, 0, 4909
4691.46, 38.0825, 
4691.69, 38.2568, 
209

BBMC3, ../java/DIMACS_cliques/san1000.clq, 3600
15, 0, 436
24.2182, 3.21946, 
24.542, 3.50211, 
364

BBMC3, ../java/DIMACS_cliques/san200_0.9_2.clq, 3600
60, 0, 146
36.2076, 4.37453, 
36.5261, 4.43987, 
73

BBMC3, ../java/DIMACS_cliques/san200_0.9_3.clq, 3600
44, 0, 8428
8346.56, 2193.79, 
8346.66, 2193.89, 
73

BBMC3, ../java/DIMACS_cliques/san400_0.7_1.clq, 3600
40, 0, 221
62.6104, 44.0699, 
62.7828, 44.1752, 
110

BBMC3, ../java/DIMACS_cliques/san400_0.7_2.clq, 3600
30, 0, 644
497.221, 386.064, 
497.395, 386.162, 
137

BBMC3, ../java/DIMACS_cliques/san400_0.7_3.clq, 3600
22, 0, 1343
1223.49, 652.728, 
1223.67, 652.853, 
111

BBMC3, ../java/DIMACS_cliques/sanr200_0.9.clq, 3600
42, 0, 91430
91348.8, 16040.3, 
91348.9, 16040.4, 
73

BBMC3, ../java/DIMACS_cliques/sanr400_0.5.clq, 3600
13, 0, 301
182.429, 59.9654, 
182.545, 60.0626, 
111

BBMC3, ../java/DIMACS_cliques/sanr400_0.7.clq, 3600
21, 0, 89024
88906.2, 72215.5, 
88906.4, 72215.7, 
110

BBMC3, ../java/DIMACS_cliques/san400_0.9_1.clq, 3600
100, 0, 6059
5941.52, 497.459, 
5941.65, 497.583, 
109

BBMC3, ../java/DIMACS_cliques/p_hat1000-2.clq, 3600
46, 0, 172877
172503, 964.544, 
172503, 964.856, 
366

BBMC3, ../java/DIMACS_cliques/p_hat500-3.clq, 3600
50, 0, 153533
153386, 5970.74, 
153386, 5970.89, 
139

BBMC3, ../java/DIMACS_cliques/brock400_3.clq, 3600
31, 0, 127041
126916, 42432.2, 
126917, 42432.4, 
116

BBMC3, ../java/DIMACS_cliques/brock400_2.clq, 3600
29, 0, 140933
140815, 10129.5, 
140815, 10129.6, 
110

BBMC3, ../java/DIMACS_cliques/brock400_1.clq, 3600
27, 0, 263656
263537, 16633.4, 
263538, 16633.5, 
111

BBMC3, ../java/DIMACS_cliques/brock800_4.clq, 3600
26, 0, 979567
979311, 477126, 
979311, 477126, 
251

BBMC2, ../200_3.txt, 3600
7, 0, 85
1
0.774112, 
0.844352, 
77

BBMC2, ../200_4.txt, 3600
9, 0, 77
1
1.76227, 
1.83398, 
69

BBMC2, ../200_5.txt, 3600
11, 0, 89
1
10.839, 
10.9138, 
70

BBMC2, ../200_6.txt, 3600
14, 0, 115
1
39.2806, 
39.3543, 
69

BBMC2, ../200_7.txt, 3600
18, 0, 507
1
432.751, 
432.846, 
68

BBMC2, ../200_8.txt, 3600
24, 0, 7176
1
7104.13, 
7104.26, 
69

BBMC2, ../200_9.txt, 3600
39, 0, 374523
1
374635, 
374635, 
70

BBMC2, ../300_5.txt, 3600
12, 0, 131
1
45.6858, 
45.769, 
79

BBMC2, ../400_5.txt, 3600
13, 0, 314
1
213.101, 
213.198, 
94

BBMC2, ../500_5.txt, 3600
13, 0, 794
1
672.961, 
673.038, 
115

BBMC2, ../600_5.txt, 3600
14, 0, 2189
1
2047.55, 
2047.7, 
136

BBMC2, ../700_5.txt, 3600
14, 0, 4792
1
4623.85, 
4624.03, 
164

BBMC2, ../800_5.txt, 3600
15, 0, 8374
1
8179.72, 
8179.94, 
191

BBMC2, ../900_5.txt, 3600
14, 0, 30068
1
29846.8, 
29847.1, 
229

BBMC2, ../1000_5.txt, 3600
15, 0, 40858
1
40600.3, 
40600.6, 
271

BBMC2, ../java/DIMACS_cliques/brock200_1.clq, 3600
21, 0, 842
1
761.025, 
761.118, 
73

BBMC2, ../java/DIMACS_cliques/brock400_4.clq, 3600
33, 0, 30112
1
30028.2, 
30028.3, 
93

BBMC2, ../java/DIMACS_cliques/MANN_a27.clq, 3600
126, 0, 6294
1
6202.03, 
6202.15, 
89

BBMC2, ../java/DIMACS_cliques/p_hat1000-1.clq, 3600
10, 0, 357
1
86.9612, 
87.2213, 
263

BBMC2, ../java/DIMACS_cliques/p_hat300-3.clq, 3600
36, 0, 1007
1
922.159, 
922.265, 
79

BBMC2, ../java/DIMACS_cliques/p_hat500-2.clq, 3600
36, 0, 296
1
175.265, 
175.34, 
114

BBMC2, ../java/DIMACS_cliques/p_hat500-3.clq, 3600
50, 0, 69021
1
68937.8, 
68937.9, 
111

BBMC2, ../java/DIMACS_cliques/p_hat700-2.clq, 3600
44, 0, 1755
1
1589.65, 
1589.83, 
160

BBMC2, ../java/DIMACS_cliques/san1000.clq, 3600
15, 0, 311
1
40.1439, 
40.4025, 
264

BBMC2, ../java/DIMACS_cliques/san200_0.9_2.clq, 3600
60, 0, 86
1
10.9896, 
11.0618, 
69

BBMC2, ../java/DIMACS_cliques/san200_0.9_3.clq, 3600
44, 0, 191
1
114.445, 
114.521, 
71

BBMC2, ../java/DIMACS_cliques/san400_0.7_1.clq, 3600
40, 0, 130
1
30.0974, 
30.1933, 
93

BBMC2, ../java/DIMACS_cliques/san400_0.7_2.clq, 3600
30, 0, 150
1
50.7597, 
50.8631, 
93

BBMC2, ../java/DIMACS_cliques/san400_0.7_3.clq, 3600
22, 0, 238
1
137.616, 
137.712, 
94

BBMC2, ../java/DIMACS_cliques/sanr200_0.9.clq, 3600
42, 0, 59694
1
59649.2, 
59649.3, 
68

BBMC2, ../java/DIMACS_cliques/sanr400_0.5.clq, 3600
13, 0, 300
1
198.984, 
199.078, 
94

BBMC2, ../java/DIMACS_cliques/sanr400_0.7.clq, 3600
21, 0, 96878
1
96793.4, 
96793.5, 
94

BBMC2, ../java/DIMACS_cliques/san400_0.9_1.clq, 3600
100, 0, 156
1
57.8171, 
57.9119, 
92

BBMC2, ../java/DIMACS_cliques/p_hat1000-2.clq, 3600
46, 0, 70261
1
69987.3, 
69987.6, 
268

BBMC2, ../java/DIMACS_cliques/p_hat500-3.clq, 3600
50, 0, 69042
1
68923.4, 
68923.5, 
112

BBMC2, ../java/DIMACS_cliques/brock400_3.clq, 3600
31, 0, 64899
1
64798.3, 
64798.4, 
94

BBMC2, ../java/DIMACS_cliques/brock400_2.clq, 3600
29, 0, 225481
1
225382, 
225382, 
93

BBMC2, ../java/DIMACS_cliques/brock400_1.clq, 3600
27, 0, 309509
1
309408, 
309408, 
96

BBMC2, ../java/DIMACS_cliques/brock800_4.clq, 3600
26, 0, 975774
1
975579, 
975580, 
191

BBMC1, ../200_3.txt, 3600
7, 0, 77
1
0.590848, 
0.65968, 
70

BBMC1, ../200_4.txt, 3600
9, 0, 80
1
1.49197, 
1.56074, 
71

BBMC1, ../200_5.txt, 3600
11, 0, 85
1
8.55142, 
8.63274, 
70

BBMC1, ../200_6.txt, 3600
14, 0, 122
1
43.1647, 
43.236, 
72

BBMC1, ../200_7.txt, 3600
18, 0, 474
1
396.492, 
396.586, 
71

BBMC1, ../200_8.txt, 3600
24, 0, 8875
1
8797.29, 
8797.41, 
70

BBMC1, ../200_9.txt, 3600
39, 0, 664878
1
664806, 
664806, 
68

BBMC1, ../300_5.txt, 3600
12, 0, 133
1
46.6985, 
46.7818, 
80

BBMC1, ../400_5.txt, 3600
13, 0, 308
1
209.99, 
210.096, 
92

BBMC1, ../500_5.txt, 3600
13, 0, 827
1
707.604, 
707.735, 
113

BBMC1, ../600_5.txt, 3600
14, 0, 1971
1
1833.66, 
1833.81, 
131

BBMC1, ../700_5.txt, 3600
14, 0, 5270
1
5104.97, 
5105.15, 
158

BBMC1, ../800_5.txt, 3600
15, 0, 8262
1
8071.81, 
8072.03, 
184

BBMC1, ../900_5.txt, 3600
14, 0, 30098
1
29872.3, 
29872.6, 
219

BBMC1, ../1000_5.txt, 3600
15, 0, 40749
1
40484.6, 
40484.8, 
257

BBMC1, ../java/DIMACS_cliques/brock200_1.clq, 3600
21, 0, 1102
1
1026.59, 
1026.7, 
69

BBMC1, ../java/DIMACS_cliques/brock400_4.clq, 3600
33, 0, 50370
1
50270.7, 
50270.8, 
93

BBMC1, ../java/DIMACS_cliques/MANN_a27.clq, 3600
126, 0, 6295
1
6200.83, 
6200.94, 
87

BBMC1, ../java/DIMACS_cliques/p_hat1000-1.clq, 3600
10, 0, 349
1
92.7447, 
93.0213, 
249

BBMC1, ../java/DIMACS_cliques/p_hat300-3.clq, 3600
36, 0, 2133
1
2048.23, 
2048.34, 
79

BBMC1, ../java/DIMACS_cliques/p_hat500-2.clq, 3600
36, 0, 533
1
416.967, 
417.096, 
109

BBMC1, ../java/DIMACS_cliques/p_hat500-3.clq, 3600
50, 0, 141244
1
141127, 
141127, 
110

BBMC1, ../java/DIMACS_cliques/p_hat700-2.clq, 3600
44, 0, 4919
1
4757.78, 
4757.96, 
154

BBMC1, ../java/DIMACS_cliques/san1000.clq, 3600
15, 0, 302
1
41.9881, 
42.251, 
253

BBMC1, ../java/DIMACS_cliques/san200_0.9_2.clq, 3600
60, 0, 112
1
36.7401, 
36.8108, 
69

BBMC1, ../java/DIMACS_cliques/san200_0.9_3.clq, 3600
44, 0, 12164
1
12082.9, 
12083, 
74

BBMC1, ../java/DIMACS_cliques/san400_0.7_1.clq, 3600
40, 0, 158
1
59.9337, 
60.032, 
91

BBMC1, ../java/DIMACS_cliques/san400_0.7_2.clq, 3600
30, 0, 572
1
472.764, 
472.885, 
93

BBMC1, ../java/DIMACS_cliques/san400_0.7_3.clq, 3600
22, 0, 1245
1
1146.72, 
1146.84, 
92

BBMC1, ../java/DIMACS_cliques/sanr200_0.9.clq, 3600
42, 0, 115026
1
114950, 
114950, 
70

BBMC1, ../java/DIMACS_cliques/sanr400_0.5.clq, 3600
13, 0, 303
1
203.413, 
203.512, 
94

BBMC1, ../java/DIMACS_cliques/sanr400_0.7.clq, 3600
21, 0, 110131
1
110033, 
110033, 
91

BBMC1, ../java/DIMACS_cliques/san400_0.9_1.clq, 3600
100, 0, 6632
1
6534.74, 
6534.86, 
91

BBMC1, ../java/DIMACS_cliques/p_hat1000-2.clq, 3600
46, 0, 148717
1
148454, 
148455, 
256

BBMC1, ../java/DIMACS_cliques/p_hat500-3.clq, 3600
50, 0, 141246
1
141131, 
141132, 
109

BBMC1, ../java/DIMACS_cliques/brock400_3.clq, 3600
31, 0, 117473
1
117375, 
117375, 
92

BBMC1, ../java/DIMACS_cliques/brock400_2.clq, 3600
29, 0, 204889
1
204792, 
204792, 
91

BBMC1, ../java/DIMACS_cliques/brock400_1.clq, 3600
27, 0, 441512
1
441414, 
441414, 
93

BBMC1, ../java/DIMACS_cliques/brock800_4.clq, 3600
26, 0, 1432223
1
1.43204e+06, 
1.43204e+06, 
182

BBMC3, ../200_3.txt, 3600
7, 0, 76
1
0.591872, 
0.662528, 
69

BBMC3, ../200_4.txt, 3600
9, 0, 81
1
1.79507, 
1.86573, 
72

BBMC3, ../200_5.txt, 3600
11, 0, 84
1
8.14285, 
8.21411, 
69

BBMC3, ../200_6.txt, 3600
14, 0, 109
1
34.2743, 
34.3452, 
69

BBMC3, ../200_7.txt, 3600
18, 0, 434
1
358.798, 
358.875, 
69

BBMC3, ../200_8.txt, 3600
24, 0, 9383
1
9308.34, 
9308.43, 
68

BBMC3, ../200_9.txt, 3600
39, 0, 421470
1
421397, 
421397, 
69

BBMC3, ../300_5.txt, 3600
12, 0, 130
1
45.0181, 
45.0984, 
79

BBMC3, ../400_5.txt, 3600
13, 0, 306
1
207.336, 
207.434, 
92

BBMC3, ../500_5.txt, 3600
13, 0, 851
1
735.143, 
735.271, 
109

BBMC3, ../600_5.txt, 3600
14, 0, 1991
1
1852.71, 
1852.8, 
131

BBMC3, ../700_5.txt, 3600
14, 0, 4887
1
4725.16, 
4725.34, 
156

BBMC3, ../800_5.txt, 3600
15, 0, 9102
1
8911.03, 
8911.25, 
184

BBMC3, ../900_5.txt, 3600
14, 0, 30815
1
30589.3, 
30589.6, 
219

BBMC3, ../1000_5.txt, 3600
15, 0, 41614
1
41348.6, 
41348.9, 
258

BBMC3, ../java/DIMACS_cliques/brock200_1.clq, 3600
21, 0, 1027
1
950.276, 
950.367, 
70

BBMC3, ../java/DIMACS_cliques/brock400_4.clq, 3600
33, 0, 47776
1
47676.3, 
47676.4, 
93

BBMC3, ../java/DIMACS_cliques/MANN_a27.clq, 3600
126, 0, 6287
1
6193.14, 
6193.25, 
87

BBMC3, ../java/DIMACS_cliques/p_hat1000-1.clq, 3600
10, 0, 342
1
86.228, 
86.4902, 
248

BBMC3, ../java/DIMACS_cliques/p_hat300-3.clq, 3600
36, 0, 2360
1
2274.49, 
2274.6, 
79

BBMC3, ../java/DIMACS_cliques/p_hat500-2.clq, 3600
36, 0, 693
1
576.273, 
576.402, 
110

BBMC3, ../java/DIMACS_cliques/p_hat500-3.clq, 3600
50, 0, 151663
1
151548, 
151548, 
108

BBMC3, ../java/DIMACS_cliques/p_hat700-2.clq, 3600
44, 0, 4834
1
4673.22, 
4673.4, 
154

BBMC3, ../java/DIMACS_cliques/san1000.clq, 3600
15, 0, 284
1
24.0148, 
24.2736, 
253

BBMC3, ../java/DIMACS_cliques/san200_0.9_2.clq, 3600
60, 0, 111
1
36.5312, 
36.6051, 
68

BBMC3, ../java/DIMACS_cliques/san200_0.9_3.clq, 3600
44, 0, 12166
1
12090.2, 
12090.3, 
69

BBMC3, ../java/DIMACS_cliques/san400_0.7_1.clq, 3600
40, 0, 161
1
62.2316, 
62.3257, 
92

BBMC3, ../java/DIMACS_cliques/san400_0.7_2.clq, 3600
30, 0, 596
1
496.551, 
496.662, 
93

BBMC3, ../java/DIMACS_cliques/san400_0.7_3.clq, 3600
22, 0, 1321
1
1222, 
1222.12, 
92

BBMC3, ../java/DIMACS_cliques/sanr200_0.9.clq, 3600
42, 0, 111509
1
111434, 
111434, 
69

BBMC3, ../java/DIMACS_cliques/sanr400_0.5.clq, 3600
13, 0, 282
1
183.61, 
183.708, 
92

BBMC3, ../java/DIMACS_cliques/sanr400_0.7.clq, 3600
21, 0, 90028
1
89929.9, 
89930.1, 
92

BBMC3, ../java/DIMACS_cliques/san400_0.9_1.clq, 3600
100, 0, 6201
1
6101.66, 
6101.78, 
92

BBMC3, ../java/DIMACS_cliques/p_hat1000-2.clq, 3600
46, 0, 174048
1
173788, 
173788, 
254

BBMC3, ../java/DIMACS_cliques/p_hat500-3.clq, 3600
50, 0, 151632
1
151516, 
151517, 
109

BBMC3, ../java/DIMACS_cliques/brock400_3.clq, 3600
31, 0, 127073
1
126975, 
126975, 
92

BBMC3, ../java/DIMACS_cliques/brock400_2.clq, 3600
29, 0, 182283
1
182183, 
182183, 
93

BBMC3, ../java/DIMACS_cliques/brock400_1.clq, 3600
27, 0, 264693
1
264596, 
264596, 
92

BBMC3, ../java/DIMACS_cliques/brock800_4.clq, 3600
26, 0, 976121
1
975936, 
975936, 
182
