BBMC2, ../200_1.txt, 1, 3600
4, 0, 75
0.12288, 
0.193536, 
73

BBMC2, ../200_2.txt, 1, 3600
6, 0, 75
0.25088, 
0.320992, 
73

BBMC2, ../200_3.txt, 1, 3600
7, 0, 75
0.776192, 
0.847872, 
73

BBMC2, ../200_4.txt, 1, 3600
9, 0, 76
1.77251, 
1.84573, 
73

BBMC2, ../200_5.txt, 1, 3600
11, 0, 85
10.8585, 
10.9308, 
73

BBMC2, ../200_6.txt, 1, 3600
14, 0, 114
39.6616, 
39.7425, 
73

BBMC2, ../200_7.txt, 1, 3600
18, 0, 493
418.195, 
418.276, 
73

BBMC2, ../200_8.txt, 1, 3600
24, 0, 7268
7193.71, 
7193.81, 
73

BBMC2, ../200_9.txt, 1, 3600
39, 0, 381432
381355, 
381355, 
77

BBMC2, ../300_5.txt, 1, 3600
12, 0, 132
45.9745, 
46.0561, 
85

BBMC2, ../400_5.txt, 1, 3600
13, 0, 314
214.264, 
214.363, 
99

BBMC2, ../500_5.txt, 1, 3600
13, 0, 796
677.804, 
677.935, 
116

BBMC2, ../600_5.txt, 1, 3600
14, 0, 2199
2058.05, 
2058.2, 
139

BBMC2, ../700_5.txt, 1, 3600
14, 0, 4827
4657.83, 
4658.01, 
168

BBMC2, ../800_5.txt, 1, 3600
15, 0, 8440
8242.09, 
8242.31, 
197

BBMC2, ../900_5.txt, 1, 3600
14, 0, 30269
30033, 
30033.2, 
235

BBMC2, ../1000_5.txt, 1, 3600
15, 0, 41266
40988.5, 
40988.8, 
275

BBMC2, ../1100_5.txt, 1, 3600
15, 0, 132936
132617, 
132617, 
318

BBMC2, ../1200_5.txt, 1, 3600
16, 0, 191159
190789, 
190789, 
367

BBMC2, ../500_2.txt, 1, 3600
7, 0, 118
1.36192, 
1.47053, 
115

BBMC2, ../500_3.txt, 1, 3600
8, 0, 127
10.1714, 
10.284, 
116

BBMC2, ../500_4.txt, 1, 3600
11, 0, 174
55.6882, 
55.8039, 
117

BBMC2, ../500_6.txt, 1, 3600
17, 0, 16226
16107.5, 
16107.7, 
117

BBMC2, ../500_7.txt, 1, 3600
22, 0, 741310
741195, 
741195, 
116

BBMC2, ../500_8.txt, 3600
0, 0, 3600000

BBMC2, ../java/DIMACS_cliques/p_hat1500-1.clq, 1, XDG_VTNR=1
12, 0, 1574
1040.14, 
1040.71, 
529

BBMC1, ../java/DIMACS_cliques/p_hat1500-1.clq, 1, XDG_VTNR=1
12, 0, 1539
1045.73, 
1046.31, 
488

BBMC3, ../java/DIMACS_cliques/p_hat1500-1.clq, 1, XDG_VTNR=1
12, 0, 1527
1035.22, 
1035.79, 
487

BBMC3, ../java/DIMACS_cliques/san400_0.9_1.clq, 1, XDG_VTNR=1
100, 0, 6409
6300.55, 
6300.73, 
106

BBMC2, ../java/DIMACS_cliques/san400_0.9_1.clq, 1, XDG_VTNR=1
100, 0, 158
58.4673, 
58.5683, 
97

BBMC1, ../java/DIMACS_cliques/san400_0.9_1.clq, 1, XDG_VTNR=1
100, 0, 6786
6688.35, 
6688.47, 
96

