
BBMC2, ../200_3.txt, 1, 3600
7, 0, 935
0.774112, 
0.845824, 
933

BBMC2, ../200_4.txt, 1, 3600
9, 0, 907
1.77152, 
1.84346, 
904

BBMC2, ../200_5.txt, 1, 3600
11, 0, 900
10.8401, 
10.9107, 
888

BBMC2, ../200_6.txt, 1, 3600
14, 0, 928
39.6462, 
39.7202, 
888

BBMC2, ../200_7.txt, 1, 3600
18, 0, 1289
402.297, 
402.369, 
885

BBMC2, ../200_8.txt, 1, 3600
24, 0, 8150
7247.7, 
7247.8, 
903

BBMC2, ../200_9.txt, 1, 3600
39, 0, 382236
381352, 
381352, 
884

BBMC2, ../300_5.txt, 1, 3600
12, 0, 955
55.3677, 
55.4505, 
898

BBMC2, ../400_5.txt, 1, 3600
13, 0, 1149
233.947, 
234.043, 
914

BBMC2, ../500_5.txt, 1, 3600
13, 0, 1620
690.285, 
690.398, 
928

BBMC2, ../600_5.txt, 1, 3600
14, 0, 3045
2085.31, 
2085.45, 
958

BBMC2, ../700_5.txt, 1, 3600
14, 0, 5654
4683.47, 
4683.63, 
969

BBMC2, ../800_5.txt, 1, 3600
15, 0, 9287
8272.41, 
8272.6, 
1013

BBMC2, ../900_5.txt, 1, 3600
14, 0, 31133
30092.3, 
30092.4, 
1039

BBMC2, ../1000_5.txt, 1, 3600
15, 0, 42093
41006.9, 
41007.1, 
1084

BBMC2, ../java/DIMACS_cliques/brock200_1.clq, 1, 3600
21, 0, 1714
815.519, 
815.591, 
898

BBMC2, ../java/DIMACS_cliques/brock400_4.clq, 1, 3600
33, 0, 31683
30750.9, 
30751, 
931

BBMC2, ../java/DIMACS_cliques/MANN_a27.clq, 1, 3600
126, 0, 7323
6427.91, 
6428, 
894

BBMC2, ../java/DIMACS_cliques/p_hat1000-1.clq, 1, 3600
10, 0, 1170
104.262, 
104.523, 
1064

BBMC2, ../java/DIMACS_cliques/p_hat1500-1.clq, 1, 3600
12, 0, 2355
1019.5, 
1020.05, 
1330

BBMC2, ../java/DIMACS_cliques/p_hat300-3.clq, 1, 3600
36, 0, 1860
959.852, 
959.935, 
899

BBMC2, ../java/DIMACS_cliques/p_hat500-2.clq, 1, 3600
36, 0, 1123
193.382, 
193.498, 
928

BBMC2, ../java/DIMACS_cliques/p_hat500-3.clq, 1, 3600
50, 0, 71579
70653.3, 
70653.4, 
924

BBMC2, ../java/DIMACS_cliques/p_hat700-2.clq, 1, 3600
44, 0, 2624
1654.31, 
1654.47, 
968

BBMC2, ../java/DIMACS_cliques/san1000.clq, 1, 3600
15, 0, 1131
51.0546, 
51.3156, 
1078

BBMC2, ../java/DIMACS_cliques/san200_0.9_2.clq, 1, 3600
60, 0, 900
13.3264, 
13.3992, 
886

BBMC2, ../java/DIMACS_cliques/san200_0.9_3.clq, 1, 3600
44, 0, 1018
132.172, 
132.244, 
885

BBMC2, ../java/DIMACS_cliques/san400_0.7_1.clq, 1, 3600
40, 0, 935
37.1436, 
37.2388, 
896

BBMC2, ../java/DIMACS_cliques/san400_0.7_2.clq, 1, 3600
30, 0, 975
63.4788, 
63.5763, 
910

BBMC2, ../java/DIMACS_cliques/san400_0.7_3.clq, 1, 3600
22, 0, 1075
160.111, 
160.209, 
913

BBMC2, ../java/DIMACS_cliques/sanr200_0.9.clq, 1, 3600
42, 0, 61719
60832.4, 
60832.5, 
886

BBMC2, ../java/DIMACS_cliques/sanr400_0.5.clq, 1, 3600
13, 0, 1133
217.104, 
217.202, 
914

BBMC2, ../java/DIMACS_cliques/sanr400_0.7.clq, 1, 3600
21, 0, 98669
97759.2, 
97759.3, 
909

BBMC2, ../java/DIMACS_cliques/san400_0.9_1.clq, 1, 3600
100, 0, 973
70.7789, 
70.8761, 
901

BBMC2, ../java/DIMACS_cliques/p_hat1000-2.clq, 1, 3600
46, 0, 72655
71572.2, 
71572.4, 
1082

BBMC2, ../java/DIMACS_cliques/p_hat500-3.clq, 1, 3600
50, 0, 71571
70638.7, 
70638.8, 
931

BBMC2, ../java/DIMACS_cliques/brock400_3.clq, 1, 3600
31, 0, 66948
66050.6, 
66050.7, 
896

BBMC2, ../java/DIMACS_cliques/brock400_2.clq, 1, 3600
29, 0, 229833
228920, 
228920, 
913

BBMC2, ../java/DIMACS_cliques/brock400_1.clq, 1, 3600
27, 0, 315138
314242, 
314242, 
896

BBMC2, ../java/DIMACS_cliques/brock800_4.clq, 1, 3600
26, 0, 995065
994061, 
994061, 
1006

BBMC1, ../200_3.txt, 1, 3600
7, 0, 891
0.700416, 
0.752192, 
889

BBMC1, ../200_4.txt, 1, 3600
9, 0, 875
1.75718, 
1.82989, 
872

BBMC1, ../200_5.txt, 1, 3600
11, 0, 897
10.3772, 
10.4499, 
886

BBMC1, ../200_6.txt, 1, 3600
14, 0, 944
52.7678, 
52.8408, 
890

BBMC1, ../200_7.txt, 1, 3600
18, 0, 1304
431.576, 
431.652, 
871

BBMC1, ../200_8.txt, 1, 3600
24, 0, 9824
8935.07, 
8935.15, 
887

BBMC1, ../200_9.txt, 1, 3600
39, 0, 677281
676376, 
676376, 
906

BBMC1, ../300_5.txt, 1, 3600
12, 0, 961
56.5412, 
56.6262, 
903

BBMC1, ../400_5.txt, 1, 3600
13, 0, 1141
238.736, 
238.832, 
901

BBMC1, ../500_5.txt, 1, 3600
13, 0, 1713
764.084, 
764.199, 
947

BBMC1, ../600_5.txt, 1, 3600
14, 0, 2842
1881.66, 
1881.79, 
959

BBMC1, ../700_5.txt, 1, 3600
14, 0, 6125
5154.83, 
5154.99, 
968

BBMC1, ../800_5.txt, 1, 3600
15, 0, 9202
8201.88, 
8202.07, 
998

BBMC1, ../900_5.txt, 1, 3600
14, 0, 31124
30080.8, 
30081, 
1042

BBMC1, ../1000_5.txt, 1, 3600
15, 0, 42001
40940, 
40940.3, 
1059

BBMC1, ../java/DIMACS_cliques/brock200_1.clq, 1, 3600
21, 0, 1998
1090.87, 
1090.94, 
906

BBMC1, ../java/DIMACS_cliques/brock400_4.clq, 1, 3600
33, 0, 52192
51279.8, 
51279.9, 
911

BBMC1, ../java/DIMACS_cliques/MANN_a27.clq, 1, 3600
126, 0, 7320
6424.83, 
6424.92, 
894

BBMC1, ../java/DIMACS_cliques/p_hat1000-1.clq, 1, 3600
10, 0, 1176
106.432, 
106.689, 
1068

BBMC1, ../java/DIMACS_cliques/p_hat1500-1.clq, 1, 3600
12, 0, 2357
1052.56, 
1053.11, 
1300

BBMC1, ../java/DIMACS_cliques/p_hat300-3.clq, 1, 3600
36, 0, 3003
2116.68, 
2116.74, 
885

BBMC1, ../java/DIMACS_cliques/p_hat500-2.clq, 1, 3600
36, 0, 1371
456.368, 
456.484, 
913

BBMC1, ../java/DIMACS_cliques/p_hat500-3.clq, 1, 3600
50, 0, 145371
144461, 
144461, 
909

BBMC1, ../java/DIMACS_cliques/p_hat700-2.clq, 1, 3600
44, 0, 5845
4869.82, 
4869.98, 
973

BBMC1, ../java/DIMACS_cliques/san1000.clq, 1, 3600
15, 0, 1123
53.7385, 
53.9987, 
1067

BBMC1, ../java/DIMACS_cliques/san200_0.9_2.clq, 1, 3600
60, 0, 934
45.1717, 
45.2455, 
887

BBMC1, ../java/DIMACS_cliques/san200_0.9_3.clq, 1, 3600
44, 0, 13269
12380.8, 
12380.9, 
887

BBMC1, ../java/DIMACS_cliques/san400_0.7_1.clq, 1, 3600
40, 0, 974
74.6148, 
74.7117, 
898

BBMC1, ../java/DIMACS_cliques/san400_0.7_2.clq, 1, 3600
30, 0, 1420
520.256, 
520.354, 
899

BBMC1, ../java/DIMACS_cliques/san400_0.7_3.clq, 1, 3600
22, 0, 2121
1221.48, 
1221.58, 
898

BBMC1, ../java/DIMACS_cliques/sanr200_0.9.clq, 1, 3600
42, 0, 118000
117129, 
117129, 
871

BBMC1, ../java/DIMACS_cliques/sanr400_0.5.clq, 1, 3600
13, 0, 1135
233.296, 
233.396, 
900

BBMC1, ../java/DIMACS_cliques/sanr400_0.7.clq, 1, 3600
21, 0, 111989
111090, 
111090, 
898

BBMC1, ../java/DIMACS_cliques/san400_0.9_1.clq, 1, 3600
100, 0, 7632
6720.76, 
6720.86, 
910

BBMC1, ../java/DIMACS_cliques/p_hat1000-2.clq, 1, 3600
46, 0, 152757
151697, 
151697, 
1059

BBMC1, ../java/DIMACS_cliques/p_hat500-3.clq, 1, 3600
50, 0, 145376
144466, 
144466, 
910

BBMC1, ../java/DIMACS_cliques/brock400_3.clq, 1, 3600
31, 0, 120210
119314, 
119314, 
895

BBMC1, ../java/DIMACS_cliques/brock400_2.clq, 1, 3600
29, 0, 209432
208539, 
208539, 
893

BBMC1, ../java/DIMACS_cliques/brock400_1.clq, 1, 3600
27, 0, 448548
447650, 
447650, 
898

BBMC1, ../java/DIMACS_cliques/brock800_4.clq, 1, 3600
26, 0, 1458646
1.45766e+06, 
1.45766e+06, 
992

BBMC3, ../200_3.txt, 1, 3600
7, 0, 893
0.70352, 
0.774944, 
891

BBMC3, ../200_4.txt, 1, 3600
9, 0, 875
2.15142, 
2.22371, 
872

BBMC3, ../200_5.txt, 1, 3600
11, 0, 883
9.68294, 
9.75408, 
872

BBMC3, ../200_6.txt, 1, 3600
14, 0, 913
41.129, 
41.2027, 
871

BBMC3, ../200_7.txt, 1, 3600
18, 0, 1266
393.873, 
393.947, 
871

BBMC3, ../200_8.txt, 1, 3600
24, 0, 10343
9454.24, 
9454.31, 
888

BBMC3, ../200_9.txt, 1, 3600
39, 0, 429851
428964, 
428964, 
887

BBMC3, ../300_5.txt, 1, 3600
12, 0, 943
55.0502, 
55.1323, 
887

BBMC3, ../400_5.txt, 1, 3600
13, 0, 1138
236.233, 
236.329, 
900

BBMC3, ../500_5.txt, 1, 3600
13, 0, 1687
771.383, 
771.496, 
914

BBMC3, ../600_5.txt, 1, 3600
14, 0, 2868
1906.66, 
1906.8, 
960

BBMC3, ../700_5.txt, 1, 3600
14, 0, 5795
4804.8, 
4804.96, 
989

BBMC3, ../800_5.txt, 1, 3600
15, 0, 10021
9022.08, 
9022.29, 
998

BBMC3, ../900_5.txt, 1, 3600
14, 0, 31883
30856.8, 
30857, 
1024

BBMC3, ../1000_5.txt, 1, 3600
15, 0, 42745
41676, 
41676.3, 
1068

BBMC3, ../java/DIMACS_cliques/brock200_1.clq, 1, 3600
21, 0, 1870
980.959, 
981.035, 
888

BBMC3, ../java/DIMACS_cliques/brock400_4.clq, 1, 3600
33, 0, 49566
48659.5, 
48659.6, 
905

BBMC3, ../java/DIMACS_cliques/MANN_a27.clq, 1, 3600
126, 0, 7312
6416.9, 
6416.99, 
894

BBMC3, ../java/DIMACS_cliques/p_hat1000-1.clq, 1, 3600
10, 0, 1154
102.144, 
102.405, 
1050

BBMC3, ../java/DIMACS_cliques/p_hat1500-1.clq, 1, 3600
12, 0, 2351
1062.97, 
1063.52, 
1283

BBMC3, ../java/DIMACS_cliques/p_hat300-3.clq, 1, 3600
36, 0, 3234
2349.38, 
2349.46, 
883

BBMC3, ../java/DIMACS_cliques/p_hat500-2.clq, 1, 3600
36, 0, 1533
618.373, 
618.488, 
913

BBMC3, ../java/DIMACS_cliques/p_hat500-3.clq, 1, 3600
50, 0, 156000
155072, 
155073, 
926

BBMC3, ../java/DIMACS_cliques/p_hat700-2.clq, 1, 3600
44, 0, 5769
4800.3, 
4800.46, 
967

BBMC3, ../java/DIMACS_cliques/san1000.clq, 1, 3600
15, 0, 1099
30.3698, 
30.6299, 
1066

BBMC3, ../java/DIMACS_cliques/san200_0.9_2.clq, 1, 3600
60, 0, 916
44.3003, 
44.374, 
871

BBMC3, ../java/DIMACS_cliques/san200_0.9_3.clq, 1, 3600
44, 0, 13279
12390.1, 
12390.2, 
888

BBMC3, ../java/DIMACS_cliques/san400_0.7_1.clq, 1, 3600
40, 0, 976
77.1031, 
77.1993, 
898

BBMC3, ../java/DIMACS_cliques/san400_0.7_2.clq, 1, 3600
30, 0, 1444
544.368, 
544.464, 
898

BBMC3, ../java/DIMACS_cliques/san400_0.7_3.clq, 1, 3600
22, 0, 2209
1300.93, 
1301.02, 
906

BBMC3, ../java/DIMACS_cliques/sanr200_0.9.clq, 1, 3600
42, 0, 114475
113594, 
113594, 
879

BBMC3, ../java/DIMACS_cliques/sanr400_0.5.clq, 1, 3600
13, 0, 1113
211.48, 
211.576, 
900

BBMC3, ../java/DIMACS_cliques/sanr400_0.7.clq, 1, 3600
21, 0, 91767
90851.2, 
90851.3, 
915

BBMC3, ../java/DIMACS_cliques/san400_0.9_1.clq, 1, 3600
100, 0, 7203
6301.35, 
6301.45, 
900

BBMC3, ../java/DIMACS_cliques/p_hat1000-2.clq, 1, 3600
46, 0, 178290
177222, 
177222, 
1067

BBMC3, ../java/DIMACS_cliques/p_hat500-3.clq, 1, 3600
50, 0, 156052
155113, 
155113, 
938

BBMC3, ../java/DIMACS_cliques/brock400_3.clq, 1, 3600
31, 0, 130010
129111, 
129111, 
898

BBMC3, ../java/DIMACS_cliques/brock400_2.clq, 1, 3600
29, 0, 186290
185358, 
185358, 
931

BBMC3, ../java/DIMACS_cliques/brock400_1.clq, 1, 3600
27, 0, 269707
268809, 
268809, 
898

BBMC3, ../java/DIMACS_cliques/brock800_4.clq, 1, 3600
26, 0, 993668
992678, 
992679, 
991

BBMC2, ../200_3.txt, 2, 3600
7, 0, 951
0.77312, 0.224256, 
0.914752, 0.286688, 
77

BBMC2, ../200_4.txt, 2, 3600
9, 0, 946
1.7623, 0.750592, 
1.91882, 0.813312, 
78

BBMC2, ../200_5.txt, 2, 3600
11, 0, 948
10.8616, 1.02294, 
11.0115, 1.08669, 
80

BBMC2, ../200_6.txt, 2, 3600
14, 0, 949
39.5366, 2.79347, 
40.0161, 2.85696, 
76

BBMC2, ../200_7.txt, 2, 3600
18, 0, 1332
442.713, 3.81952, 
442.848, 3.88576, 
79

BBMC2, ../200_8.txt, 2, 3600
24, 0, 8139
7249.76, 15.8536, 
7250.02, 15.9375, 
76

BBMC2, ../200_9.txt, 2, 3600
39, 0, 382358
381454, 0.236544, 
381454, 0.317568, 
94

BBMC2, ../300_5.txt, 2, 3600
12, 0, 970
55.0687, 4.5793, 
55.1717, 4.66128, 
95

BBMC2, ../400_5.txt, 2, 3600
13, 0, 1157
253.923, 24.2115, 
254.067, 24.2954, 
97

BBMC2, ../500_5.txt, 2, 3600
13, 0, 1653
721.408, 60.2297, 
721.524, 60.3454, 
111

BBMC2, ../600_5.txt, 2, 3600
14, 0, 3054
2094.32, 181.008, 
2094.44, 181.138, 
146

BBMC2, ../700_5.txt, 2, 3600
14, 0, 5653
4664.22, 385.245, 
4664.36, 385.898, 
178

BBMC2, ../800_5.txt, 2, 3600
15, 0, 9251
8250.68, 661.013, 
8250.86, 661.179, 
193

BBMC2, ../900_5.txt, 2, 3600
14, 0, 31198
30141.8, 1560.32, 
30142, 1560.52, 
244

BBMC2, ../1000_5.txt, 2, 3600
15, 0, 42088
41002.1, 2336.66, 
41002.3, 2336.86, 
278

BBMC2, ../java/DIMACS_cliques/brock200_1.clq, 2, 3600
21, 0, 1715
828.11, 5.12106, 
828.186, 5.20246, 
76

BBMC2, ../java/DIMACS_cliques/brock400_4.clq, 2, 3600
33, 0, 31566
30649.9, 1863.5, 
30650.1, 1863.59, 
94

BBMC2, ../java/DIMACS_cliques/MANN_a27.clq, 2, 3600
126, 0, 7368
6444.64, 0.494592, 
6444.73, 0.572544, 
111

BBMC2, ../java/DIMACS_cliques/p_hat1000-1.clq, 2, 3600
10, 0, 1256
102.219, 35.925, 
102.433, 36.141, 
343

BBMC2, ../java/DIMACS_cliques/p_hat1500-1.clq, 2, 3600
12, 0, 2375
1027.47, 368.877, 
1038.93, 369.264, 
528

BBMC2, ../java/DIMACS_cliques/p_hat300-3.clq, 2, 3600
36, 0, 1909
1004.13, 1.00966, 
1004.39, 1.0815, 
94

BBMC2, ../java/DIMACS_cliques/p_hat500-2.clq, 2, 3600
36, 0, 1145
213.394, 0.4864, 
213.511, 0.595968, 
110

BBMC2, ../java/DIMACS_cliques/p_hat500-3.clq, 2, 3600
50, 0, 71574
70645.6, 367.978, 
70645.7, 368.087, 
112

BBMC2, ../java/DIMACS_cliques/p_hat700-2.clq, 2, 3600
44, 0, 2634
1666.38, 0.752608, 
1666.69, 0.894944, 
161

BBMC2, ../java/DIMACS_cliques/san1000.clq, 2, 3600
15, 0, 1126
50.5119, 1.42438, 
50.7356, 1.61571, 
261

BBMC2, ../java/DIMACS_cliques/san200_0.9_2.clq, 2, 3600
60, 0, 945
13.2751, 0.237568, 
13.3836, 0.300672, 
77

BBMC2, ../java/DIMACS_cliques/san200_0.9_3.clq, 2, 3600
44, 0, 1027
137.903, 0.222208, 
138.046, 0.288416, 
77

BBMC2, ../java/DIMACS_cliques/san400_0.7_1.clq, 2, 3600
40, 0, 965
37.2552, 0.451584, 
37.4191, 0.545504, 
94

BBMC2, ../java/DIMACS_cliques/san400_0.7_2.clq, 2, 3600
30, 0, 999
63.2668, 0.445472, 
63.4118, 0.527424, 
113

BBMC2, ../java/DIMACS_cliques/san400_0.7_3.clq, 2, 3600
22, 0, 1091
173.379, 0.475168, 
173.522, 0.574912, 
95

BBMC2, ../java/DIMACS_cliques/sanr200_0.9.clq, 2, 3600
42, 0, 61760
60871.2, 0.243712, 
60871.4, 0.322592, 
76

BBMC2, ../java/DIMACS_cliques/sanr400_0.5.clq, 2, 3600
13, 0, 1142
239.693, 21.4344, 
239.835, 21.5357, 
94

BBMC2, ../java/DIMACS_cliques/sanr400_0.7.clq, 2, 3600
21, 0, 98635
97735.2, 1162.86, 
97735.4, 1162.96, 
94

BBMC2, ../java/DIMACS_cliques/san400_0.9_1.clq, 2, 3600
100, 0, 985
69.8501, 0.51504, 
69.9433, 0.613184, 
95

BBMC2, ../java/DIMACS_cliques/p_hat1000-2.clq, 2, 3600
46, 0, 71458
70287.8, 74.7131, 
70288, 74.9293, 
348

BBMC2, ../java/DIMACS_cliques/p_hat500-3.clq, 2, 3600
50, 0, 71557
70637.1, 377.996, 
70637.2, 378.095, 
111

BBMC2, ../java/DIMACS_cliques/brock400_3.clq, 2, 3600
31, 0, 66883
65947.7, 2769.78, 
65947.9, 2769.87, 
114

BBMC2, ../java/DIMACS_cliques/brock400_2.clq, 2, 3600
29, 0, 229731
228797, 4145.13, 
228797, 4145.24, 
113

BBMC2, ../java/DIMACS_cliques/brock400_1.clq, 2, 3600
27, 0, 315053
314138, 2833.2, 
314138, 2833.29, 
94

BBMC2, ../java/DIMACS_cliques/brock800_4.clq, 2, 3600
26, 0, 994537
993531, 46230.3, 
993531, 46230.5, 
193

BBMC1, ../200_3.txt, 2, 3600
7, 0, 947
0.696288, 0.217056, 
0.828544, 0.279296, 
79

BBMC1, ../200_4.txt, 2, 3600
9, 0, 947
1.75408, 0.620544, 
2.19645, 0.68304, 
78

BBMC1, ../200_5.txt, 2, 3600
11, 0, 950
10.3363, 1.28, 
10.4428, 1.34339, 
80

BBMC1, ../200_6.txt, 2, 3600
14, 0, 948
52.9244, 2.4033, 
53.073, 2.4648, 
77

BBMC1, ../200_7.txt, 2, 3600
18, 0, 1346
455.746, 5.16918, 
455.879, 5.25325, 
77

BBMC1, ../200_8.txt, 2, 3600
24, 0, 9845
8955.16, 14.1834, 
8955.3, 14.2688, 
78

BBMC1, ../200_9.txt, 2, 3600
39, 0, 677054
676167, 3.30035, 
676167, 3.38403, 
78

BBMC1, ../300_5.txt, 2, 3600
12, 0, 948
56.3128, 5.04115, 
56.4059, 5.11235, 
78

BBMC1, ../400_5.txt, 2, 3600
13, 0, 1149
247.257, 21.25, 
247.401, 21.334, 
95

BBMC1, ../500_5.txt, 2, 3600
13, 0, 1684
756.692, 64.3707, 
756.863, 64.4701, 
111

BBMC1, ../600_5.txt, 2, 3600
14, 0, 2820
1883.74, 248.95, 
1884.05, 249.08, 
129

BBMC1, ../700_5.txt, 2, 3600
14, 0, 6137
5163.9, 461.041, 
5164.21, 461.131, 
161

BBMC1, ../800_5.txt, 2, 3600
15, 0, 9203
8191.63, 634.393, 
8191.83, 634.545, 
194

BBMC1, ../900_5.txt, 2, 3600
14, 0, 31093
30049, 1520.82, 
30049.2, 1521, 
228

BBMC1, ../1000_5.txt, 2, 3600
15, 0, 41985
40916.1, 2348.52, 
40916.3, 2348.73, 
261

BBMC1, ../java/DIMACS_cliques/brock200_1.clq, 2, 3600
21, 0, 1953
1065.88, 6.528, 
1065.96, 6.59427, 
78

BBMC1, ../java/DIMACS_cliques/brock400_4.clq, 2, 3600
33, 0, 52158
51243, 2536.22, 
51243.1, 2536.31, 
95

BBMC1, ../java/DIMACS_cliques/MANN_a27.clq, 2, 3600
126, 0, 7360
6445.11, 0.49664, 
6445.18, 0.57648, 
93

BBMC1, ../java/DIMACS_cliques/p_hat1000-1.clq, 2, 3600
10, 0, 1178
111.098, 34.987, 
111.308, 35.204, 
264

BBMC1, ../java/DIMACS_cliques/p_hat1500-1.clq, 2, 3600
12, 0, 2346
1043.82, 348.846, 
1044.19, 349.227, 
494

BBMC1, ../java/DIMACS_cliques/p_hat300-3.clq, 2, 3600
36, 0, 3019
2131.7, 9.33789, 
2131.8, 9.4121, 
78

BBMC1, ../java/DIMACS_cliques/p_hat500-2.clq, 2, 3600
36, 0, 1404
471.985, 0.457728, 
472.146, 0.552096, 
113

BBMC1, ../java/DIMACS_cliques/p_hat500-3.clq, 2, 3600
50, 0, 145349
144420, 1968.69, 
144420, 1968.79, 
112

BBMC1, ../java/DIMACS_cliques/p_hat700-2.clq, 2, 3600
44, 0, 5866
4897.03, 0.909312, 
4897.35, 1.0336, 
161

BBMC1, ../java/DIMACS_cliques/san1000.clq, 2, 3600
15, 0, 1127
52.9244, 1.46534, 
53.1552, 1.65875, 
262

BBMC1, ../java/DIMACS_cliques/san200_0.9_2.clq, 2, 3600
60, 0, 949
45.0918, 0.233472, 
45.1492, 0.309376, 
80

BBMC1, ../java/DIMACS_cliques/san200_0.9_3.clq, 2, 3600
44, 0, 13293
12403.9, 0.242688, 
12404, 0.322592, 
78

BBMC1, ../java/DIMACS_cliques/san400_0.7_1.clq, 2, 3600
40, 0, 991
73.9195, 0.401408, 
74.0199, 0.48432, 
91

BBMC1, ../java/DIMACS_cliques/san400_0.7_2.clq, 2, 3600
30, 0, 1456
540.261, 1.1817, 
540.354, 1.27619, 
95

BBMC1, ../java/DIMACS_cliques/san400_0.7_3.clq, 2, 3600
22, 0, 2145
1245.52, 0.455712, 
1245.68, 0.55504, 
95

BBMC1, ../java/DIMACS_cliques/sanr200_0.9.clq, 2, 3600
42, 0, 118008
117119, 0.432128, 
117119, 0.497632, 
79

BBMC1, ../java/DIMACS_cliques/sanr400_0.5.clq, 2, 3600
13, 0, 1155
244.516, 19.2655, 
244.659, 19.3362, 
94

BBMC1, ../java/DIMACS_cliques/sanr400_0.7.clq, 2, 3600
21, 0, 112032
111116, 1619.5, 
111116, 1619.61, 
94

BBMC1, ../java/DIMACS_cliques/san400_0.9_1.clq, 2, 3600
100, 0, 7662
6747.62, 0.528416, 
6747.72, 0.62272, 
94

BBMC1, ../java/DIMACS_cliques/p_hat1000-2.clq, 2, 3600
46, 0, 151725
150657, 632.024, 
150657, 632.246, 
262

BBMC1, ../java/DIMACS_cliques/p_hat500-3.clq, 2, 3600
50, 0, 145333
144413, 1963.7, 
144413, 1963.81, 
112

BBMC1, ../java/DIMACS_cliques/brock400_3.clq, 2, 3600
31, 0, 120164
119248, 2703.11, 
119248, 2703.21, 
111

BBMC1, ../java/DIMACS_cliques/brock400_2.clq, 2, 3600
29, 0, 209365
208426, 2960.88, 
208426, 2960.98, 
125

BBMC1, ../java/DIMACS_cliques/brock400_1.clq, 2, 3600
27, 0, 448330
447424, 3971.24, 
447424, 3971.34, 
94

BBMC1, ../java/DIMACS_cliques/brock800_4.clq, 2, 3600
26, 0, 1458277
1.45722e+06, 75510.1, 
1.45722e+06, 75510.3, 
245

BBMC3, ../200_3.txt, 2, 3600
7, 0, 949
0.7168, 0.183296, 
0.850848, 0.258144, 
77

BBMC3, ../200_4.txt, 2, 3600
9, 0, 946
2.14835, 0.411648, 
2.43117, 0.473984, 
79

BBMC3, ../200_5.txt, 2, 3600
11, 0, 949
9.67475, 2.03978, 
9.90794, 2.11635, 
78

BBMC3, ../200_6.txt, 2, 3600
14, 0, 951
41.0869, 2.66342, 
41.4234, 2.74102, 
76

BBMC3, ../200_7.txt, 2, 3600
18, 0, 1288
398.878, 4.07859, 
399.013, 4.14557, 
75

BBMC3, ../200_8.txt, 2, 3600
24, 0, 10351
9462.44, 25.5386, 
9462.59, 25.6051, 
80

BBMC3, ../200_9.txt, 2, 3600
39, 0, 429772
428884, 0.603136, 
428884, 0.669248, 
78

BBMC3, ../300_5.txt, 2, 3600
12, 0, 949
54.6099, 5.18451, 
54.9017, 5.25619, 
78

BBMC3, ../400_5.txt, 2, 3600
13, 0, 1150
246.948, 24.5146, 
247.09, 24.6124, 
96

BBMC3, ../500_5.txt, 2, 3600
13, 0, 1721
788.765, 63.6979, 
788.872, 63.8116, 
110

BBMC3, ../600_5.txt, 2, 3600
14, 0, 2885
1887.91, 223.068, 
1888.11, 223.178, 
177

BBMC3, ../700_5.txt, 2, 3600
14, 0, 5751
4781.08, 295.796, 
4781.22, 295.942, 
161

BBMC3, ../800_5.txt, 2, 3600
15, 0, 10027
9009.84, 680.364, 
9010.05, 680.515, 
195

BBMC3, ../900_5.txt, 2, 3600
14, 0, 31871
30831.9, 1756.61, 
30832.1, 1756.79, 
229

BBMC3, ../1000_5.txt, 2, 3600
15, 0, 42673
41603.5, 3193.18, 
41603.7, 3193.38, 
262

BBMC3, ../java/DIMACS_cliques/brock200_1.clq, 2, 3600
21, 0, 1924
1015.68, 17.1561, 
1015.79, 17.238, 
95

BBMC3, ../java/DIMACS_cliques/brock400_4.clq, 2, 3600
33, 0, 49481
48563.6, 2125.23, 
48563.8, 2125.33, 
115

BBMC3, ../java/DIMACS_cliques/MANN_a27.clq, 2, 3600
126, 0, 7352
6436.56, 0.495648, 
6436.66, 0.587104, 
95

BBMC3, ../java/DIMACS_cliques/p_hat1000-1.clq, 2, 3600
10, 0, 1170
101.604, 42.5401, 
101.993, 42.7587, 
261

BBMC3, ../java/DIMACS_cliques/p_hat1500-1.clq, 2, 3600
12, 0, 2357
1055.09, 389.434, 
1055.46, 389.793, 
492

BBMC3, ../java/DIMACS_cliques/p_hat300-3.clq, 2, 3600
36, 0, 3275
2370.4, 11.5507, 
2370.5, 11.6433, 
93

BBMC3, ../java/DIMACS_cliques/p_hat500-2.clq, 2, 3600
36, 0, 1594
628.633, 0.463872, 
628.792, 0.571424, 
144

BBMC3, ../java/DIMACS_cliques/p_hat500-3.clq, 2, 3600
50, 0, 156069
155141, 687.867, 
155141, 687.982, 
111

BBMC3, ../java/DIMACS_cliques/p_hat700-2.clq, 2, 3600
44, 0, 5785
4811.9, 2.45859, 
4812.18, 2.58544, 
161

BBMC3, ../java/DIMACS_cliques/san1000.clq, 2, 3600
15, 0, 1126
30.5183, 1.41517, 
30.7545, 1.60867, 
261

BBMC3, ../java/DIMACS_cliques/san200_0.9_2.clq, 2, 3600
60, 0, 946
44.1518, 0.236544, 
44.2512, 0.29952, 
78

BBMC3, ../java/DIMACS_cliques/san200_0.9_3.clq, 2, 3600
44, 0, 13325
12418.3, 0.236544, 
12418.4, 0.317952, 
93

BBMC3, ../java/DIMACS_cliques/san400_0.7_1.clq, 2, 3600
40, 0, 975
76.3054, 0.386016, 
76.3986, 0.480832, 
97

BBMC3, ../java/DIMACS_cliques/san400_0.7_2.clq, 2, 3600
30, 0, 1510
558.519, 1.63123, 
558.587, 1.73146, 
126

BBMC3, ../java/DIMACS_cliques/san400_0.7_3.clq, 2, 3600
22, 0, 2225
1324.31, 0.451584, 
1324.43, 0.551328, 
93

BBMC3, ../java/DIMACS_cliques/sanr200_0.9.clq, 2, 3600
42, 0, 114466
113579, 0.61136, 
113579, 0.676896, 
80

BBMC3, ../java/DIMACS_cliques/sanr400_0.5.clq, 2, 3600
13, 0, 1125
222.812, 15.1296, 
222.923, 15.2255, 
95

BBMC3, ../java/DIMACS_cliques/sanr400_0.7.clq, 2, 3600
21, 0, 91741
90824.1, 1457.84, 
90824.2, 1457.93, 
91

BBMC3, ../java/DIMACS_cliques/san400_0.9_1.clq, 2, 3600
100, 0, 7224
6318.14, 0.527328, 
6318.28, 0.627072, 
97

BBMC3, ../java/DIMACS_cliques/p_hat1000-2.clq, 2, 3600
46, 0, 177609
176473, 771.931, 
176474, 772.133, 
326

BBMC3, ../java/DIMACS_cliques/p_hat500-3.clq, 2, 3600
50, 0, 156093
155132, 704.874, 
155132, 704.985, 
144

BBMC3, ../java/DIMACS_cliques/brock400_3.clq, 2, 3600
31, 0, 129914
128997, 4266.34, 
128997, 4266.41, 
96

BBMC3, ../java/DIMACS_cliques/brock400_2.clq, 2, 3600
29, 0, 186143
185230, 3823.57, 
185230, 3823.67, 
96

BBMC3, ../java/DIMACS_cliques/brock400_1.clq, 2, 3600
27, 0, 269801
268899, 2545.16, 
268899, 2545.26, 
95

BBMC3, ../java/DIMACS_cliques/brock800_4.clq, 2, 3600
26, 0, 993217
992159, 62020, 
992160, 62020.2, 
246

